QGC WPL 110
0	1	0	16	0.00000000000000	0.00000000000000	0.00000000000000	0.00000000000000	55.47527419463827	10.32365339221370	24.00000000000000	1
1	0	0	16	0.00000000000000	0.00000000000000	0.00000000000000	0.00000000000000	55.47530769493523	10.32370650842602	24.00000000000000	1
2	0	0	16	0.00000000000000	0.00000000000000	0.00000000000000	0.00000000000000	55.47535656170098	10.32371797330000	24.00000000000000	1
3	0	0	16	0.00000000000000	0.00000000000000	0.00000000000000	0.00000000000000	55.47540870095465	10.32367830420194	24.00000000000000	1
4	0	0	16	0.00000000000000	0.00000000000000	0.00000000000000	0.00000000000000	55.47545058875858	10.32358741035631	24.00000000000000	1
5	0	0	16	0.00000000000000	0.00000000000000	0.00000000000000	0.00000000000000	55.47546941926664	10.32345499090301	24.00000000000000	1
6	0	0	16	0.00000000000000	0.00000000000000	0.00000000000000	0.00000000000000	55.47545521045819	10.32329950710754	24.00000000000000	1
7	0	0	16	0.00000000000000	0.00000000000000	0.00000000000000	0.00000000000000	55.47540257798886	10.32314583690444	24.00000000000000	1
8	0	0	16	0.00000000000000	0.00000000000000	0.00000000000000	0.00000000000000	55.47531192549102	10.32302189405156	24.00000000000000	1
9	0	0	16	0.00000000000000	0.00000000000000	0.00000000000000	0.00000000000000	55.47518986985346	10.32295463549971	24.00000000000000	1
10	0	0	16	0.00000000000000	0.00000000000000	0.00000000000000	0.00000000000000	55.47504881434883	10.32296597132984	24.00000000000000	1
11	0	0	16	0.00000000000000	0.00000000000000	0.00000000000000	0.00000000000000	55.47490568980808	10.32306911983129	24.00000000000000	1
12	0	0	16	0.00000000000000	0.00000000000000	0.00000000000000	0.00000000000000	55.47477999149473	10.32326591139881	24.00000000000000	1
13	0	0	16	0.00000000000000	0.00000000000000	0.00000000000000	0.00000000000000	55.47469133383177	10.32354544230867	24.00000000000000	1
14	0	0	16	0.00000000000000	0.00000000000000	0.00000000000000	0.00000000000000	55.47465681492163	10.32388432416716	24.00000000000000	1
15	0	0	16	0.00000000000000	0.00000000000000	0.00000000000000	0.00000000000000	55.47468851884758	10.32424858443836	24.00000000000000	1
16	0	0	16	0.00000000000000	0.00000000000000	0.00000000000000	0.00000000000000	55.47479148083944	10.32459706995548	24.00000000000000	1
17	0	0	16	0.00000000000000	0.00000000000000	0.00000000000000	0.00000000000000	55.47496239779956	10.32488601268615	24.00000000000000	1
18	0	0	16	0.00000000000000	0.00000000000000	0.00000000000000	0.00000000000000	55.47518928833068	10.32507425847925	24.00000000000000	1
19	0	0	16	0.00000000000000	0.00000000000000	0.00000000000000	0.00000000000000	55.47545220047634	10.32512855487656	24.00000000000000	1
20	0	0	16	0.00000000000000	0.00000000000000	0.00000000000000	0.00000000000000	55.47572494349147	10.32502825739655	24.00000000000000	1
21	0	0	16	0.00000000000000	0.00000000000000	0.00000000000000	0.00000000000000	55.47597769590016	10.32476885161395	24.00000000000000	1
22	0	0	16	0.00000000000000	0.00000000000000	0.00000000000000	0.00000000000000	55.47618023031855	10.32436379909957	24.00000000000000	1
23	0	0	16	0.00000000000000	0.00000000000000	0.00000000000000	0.00000000000000	55.47630540950485	10.32384438864415	24.00000000000000	1
24	0	0	16	0.00000000000000	0.00000000000000	0.00000000000000	0.00000000000000	55.47633255879735	10.32325749240723	24.00000000000000	1
25	0	0	16	0.00000000000000	0.00000000000000	0.00000000000000	0.00000000000000	55.47625031460414	10.32266136614697	24.00000000000000	1
26	0	0	16	0.00000000000000	0.00000000000000	0.00000000000000	0.00000000000000	55.47605858921822	10.32211986663527	24.00000000000000	1
27	0	0	16	0.00000000000000	0.00000000000000	0.00000000000000	0.00000000000000	55.47576937604491	10.32169566054741	24.00000000000000	1
28	0	0	16	0.00000000000000	0.00000000000000	0.00000000000000	0.00000000000000	55.47540623839684	10.32144314314385	24.00000000000000	1
29	0	0	16	0.00000000000000	0.00000000000000	0.00000000000000	0.00000000000000	55.47500246710429	10.32140185326907	24.00000000000000	1
30	0	0	16	0.00000000000000	0.00000000000000	0.00000000000000	0.00000000000000	55.47459804204480	10.32159115297726	24.00000000000000	1
31	0	0	16	0.00000000000000	0.00000000000000	0.00000000000000	0.00000000000000	55.47423567368296	10.32200683436900	24.00000000000000	1
32	0	0	16	0.00000000000000	0.00000000000000	0.00000000000000	0.00000000000000	55.47395631666618	10.32262013176494	24.00000000000000	1
33	0	0	16	0.00000000000000	0.00000000000000	0.00000000000000	0.00000000000000	55.47379462457480	10.32337937201715	24.00000000000000	1
34	0	0	16	0.00000000000000	0.00000000000000	0.00000000000000	0.00000000000000	55.47377484310058	10.32421421468774	24.00000000000000	1
35	0	0	16	0.00000000000000	0.00000000000000	0.00000000000000	0.00000000000000	55.47390761334739	10.32504214675507	24.00000000000000	1
36	0	0	16	0.00000000000000	0.00000000000000	0.00000000000000	0.00000000000000	55.47418807847529	10.32577663466259	24.00000000000000	1
37	0	0	16	0.00000000000000	0.00000000000000	0.00000000000000	0.00000000000000	55.47459556220761	10.32633612929790	24.00000000000000	1
38	0	0	16	0.00000000000000	0.00000000000000	0.00000000000000	0.00000000000000	55.47509492868237	10.32665299130400	24.00000000000000	1
39	0	0	16	0.00000000000000	0.00000000000000	0.00000000000000	0.00000000000000	55.47563955575932	10.32668137175344	24.00000000000000	1
40	0	0	16	0.00000000000000	0.00000000000000	0.00000000000000	0.00000000000000	55.47617567670982	10.32640315379954	24.00000000000000	1
41	0	0	16	0.00000000000000	0.00000000000000	0.00000000000000	0.00000000000000	55.47664768738906	10.32583123088257	24.00000000000000	1
42	0	0	16	0.00000000000000	0.00000000000000	0.00000000000000	0.00000000000000	55.47700389528219	10.32500965205809	24.00000000000000	1
43	0	0	16	0.00000000000000	0.00000000000000	0.00000000000000	0.00000000000000	55.47720211766234	10.32401048094878	24.00000000000000	1
44	0	0	16	0.00000000000000	0.00000000000000	0.00000000000000	0.00000000000000	55.47721452789797	10.32292756002037	24.00000000000000	1
45	0	0	16	0.00000000000000	0.00000000000000	0.00000000000000	0.00000000000000	55.47703120485959	10.32186771016819	24.00000000000000	1
46	0	0	16	0.00000000000000	0.00000000000000	0.00000000000000	0.00000000000000	55.47666195673702	10.32094019008245	24.00000000000000	1
47	0	0	16	0.00000000000000	0.00000000000000	0.00000000000000	0.00000000000000	55.47613615703808	10.32024545703442	24.00000000000000	1
48	0	0	16	0.00000000000000	0.00000000000000	0.00000000000000	0.00000000000000	55.47550053097945	10.31986438437720	24.00000000000000	1
49	0	0	16	0.00000000000000	0.00000000000000	0.00000000000000	0.00000000000000	55.47481504457823	10.31984908547719	24.00000000000000	1
50	0	0	16	0.00000000000000	0.00000000000000	0.00000000000000	0.00000000000000	55.47414725410788	10.32021636584486	24.00000000000000	1
51	0	0	16	0.00000000000000	0.00000000000000	0.00000000000000	0.00000000000000	55.47356564808361	10.32094458498310	24.00000000000000	1
52	0	0	16	0.00000000000000	0.00000000000000	0.00000000000000	0.00000000000000	55.47313263818452	10.32197437928475	24.00000000000000	1
53	0	0	16	0.00000000000000	0.00000000000000	0.00000000000000	0.00000000000000	55.47289791492520	10.32321330958624	24.00000000000000	1
54	0	0	16	0.00000000000000	0.00000000000000	0.00000000000000	0.00000000000000	55.47289287034162	10.32454409077398	24.00000000000000	1
55	0	0	16	0.00000000000000	0.00000000000000	0.00000000000000	0.00000000000000	55.47312670276651	10.32583567785519	24.00000000000000	1
56	0	0	16	0.00000000000000	0.00000000000000	0.00000000000000	0.00000000000000	55.47358466487231	10.32695616329295	24.00000000000000	1
57	0	0	16	0.00000000000000	0.00000000000000	0.00000000000000	0.00000000000000	55.47422870955501	10.32778621875169	24.00000000000000	1
58	0	0	16	0.00000000000000	0.00000000000000	0.00000000000000	0.00000000000000	55.47500054871162	10.32823171626339	24.00000000000000	1
59	0	0	16	0.00000000000000	0.00000000000000	0.00000000000000	0.00000000000000	55.47582689126405	10.32823420306342	24.00000000000000	1
60	0	0	16	0.00000000000000	0.00000000000000	0.00000000000000	0.00000000000000	55.47662639429257	10.32777808142268	24.00000000000000	1
61	0	0	16	0.00000000000000	0.00000000000000	0.00000000000000	0.00000000000000	55.47731766940128	10.32689364623351	24.00000000000000	1
62	0	0	16	0.00000000000000	0.00000000000000	0.00000000000000	0.00000000000000	55.47782755659159	10.32565553217751	24.00000000000000	1
63	0	0	16	0.00000000000000	0.00000000000000	0.00000000000000	0.00000000000000	55.47809882542715	10.32417658111645	24.00000000000000	1
64	0	0	16	0.00000000000000	0.00000000000000	0.00000000000000	0.00000000000000	55.47809649606032	10.32259761319454	24.00000000000000	1
65	0	0	16	0.00000000000000	0.00000000000000	0.00000000000000	0.00000000000000	55.47781209003257	10.32107402296464	24.00000000000000	1
66	0	0	16	0.00000000000000	0.00000000000000	0.00000000000000	0.00000000000000	55.47726531301379	10.31976047744790	24.00000000000000	1
67	0	0	16	0.00000000000000	0.00000000000000	0.00000000000000	0.00000000000000	55.47650292096765	10.31879522636607	24.00000000000000	1
68	0	0	16	0.00000000000000	0.00000000000000	0.00000000000000	0.00000000000000	55.47559480323866	10.31828561775355	24.00000000000000	1
69	0	0	16	0.00000000000000	0.00000000000000	0.00000000000000	0.00000000000000	55.47462760227566	10.31829633212573	24.00000000000000	1
70	0	0	16	0.00000000000000	0.00000000000000	0.00000000000000	0.00000000000000	55.47369645053880	10.31884160993269	24.00000000000000	1
71	0	0	16	0.00000000000000	0.00000000000000	0.00000000000000	0.00000000000000	55.47289561301071	10.31988237167196	24.00000000000000	1
72	0	0	16	0.00000000000000	0.00000000000000	0.00000000000000	0.00000000000000	55.47230895605008	10.32132865395626	24.00000000000000	1
73	0	0	16	0.00000000000000	0.00000000000000	0.00000000000000	0.00000000000000	55.47200120488299	10.32304725501527	24.00000000000000	1
74	0	0	16	0.00000000000000	0.00000000000000	0.00000000000000	0.00000000000000	55.47201089664483	10.32487395242709	24.00000000000000	1
75	0	0	16	0.00000000000000	0.00000000000000	0.00000000000000	0.00000000000000	55.47234578710538	10.32662917774076	24.00000000000000	1
76	0	0	16	0.00000000000000	0.00000000000000	0.00000000000000	0.00000000000000	55.47298124003122	10.32813565584775	24.00000000000000	1
77	0	0	16	0.00000000000000	0.00000000000000	0.00000000000000	0.00000000000000	55.47386183984251	10.32923628104694	24.00000000000000	1
78	0	0	16	0.00000000000000	0.00000000000000	0.00000000000000	0.00000000000000	55.47490614841863	10.32981043335548	24.00000000000000	1
79	0	0	16	0.00000000000000	0.00000000000000	0.00000000000000	0.00000000000000	55.47601420699009	10.32978704880483	24.00000000000000	1
80	0	0	16	0.00000000000000	0.00000000000000	0.00000000000000	0.00000000000000	55.47707709623894	10.32915304026593	24.00000000000000	1
81	0	0	16	0.00000000000000	0.00000000000000	0.00000000000000	0.00000000000000	55.47798764193609	10.32795609766841	24.00000000000000	1
82	0	0	16	0.00000000000000	0.00000000000000	0.00000000000000	0.00000000000000	55.47865121424642	10.32630143945975	24.00000000000000	1
83	0	0	16	0.00000000000000	0.00000000000000	0.00000000000000	0.00000000000000	55.47899553279924	10.32434268914784	24.00000000000000	1
84	0	0	16	0.00000000000000	0.00000000000000	0.00000000000000	0.00000000000000	55.47897846328436	10.32226765192853	24.00000000000000	1
85	0	0	16	0.00000000000000	0.00000000000000	0.00000000000000	0.00000000000000	55.47859297012261	10.32028030453425	24.00000000000000	1
86	0	0	16	0.00000000000000	0.00000000000000	0.00000000000000	0.00000000000000	55.47786865804778	10.31858072873038	24.00000000000000	1
87	0	0	16	0.00000000000000	0.00000000000000	0.00000000000000	0.00000000000000	55.47686966783288	10.31734496854300	24.00000000000000	1
88	0	0	16	0.00000000000000	0.00000000000000	0.00000000000000	0.00000000000000	55.47568905517424	10.31670684327481	24.00000000000000	1
89	0	0	16	0.00000000000000	0.00000000000000	0.00000000000000	0.00000000000000	55.47444014019703	10.31674359321637	24.00000000000000	1
90	0	0	16	0.00000000000000	0.00000000000000	0.00000000000000	0.00000000000000	55.47324563133834	10.31746688524073	24.00000000000000	1
91	0	0	16	0.00000000000000	0.00000000000000	0.00000000000000	0.00000000000000	55.47222556846494	10.31882019443392	24.00000000000000	1
92	0	0	16	0.00000000000000	0.00000000000000	0.00000000000000	0.00000000000000	55.47148527026315	10.32068295577755	24.00000000000000	1
93	0	0	16	0.00000000000000	0.00000000000000	0.00000000000000	0.00000000000000	55.47110449444820	10.32288120830361	24.00000000000000	1
94	0	0	16	0.00000000000000	0.00000000000000	0.00000000000000	0.00000000000000	55.47112892201029	10.32520379964824	24.00000000000000	1
95	0	0	16	0.00000000000000	0.00000000000000	0.00000000000000	0.00000000000000	55.47156486636448	10.32742264641383	24.00000000000000	1
96	0	0	16	0.00000000000000	0.00000000000000	0.00000000000000	0.00000000000000	55.47237780395281	10.32931511232822	24.00000000000000	1
97	0	0	16	0.00000000000000	0.00000000000000	0.00000000000000	0.00000000000000	55.47349495307080	10.33068631618302	24.00000000000000	1
98	0	0	16	0.00000000000000	0.00000000000000	0.00000000000000	0.00000000000000	55.47481172780364	10.33138914257833	24.00000000000000	1
99	0	0	16	0.00000000000000	0.00000000000000	0.00000000000000	0.00000000000000	55.47620150293707	10.33133990897602	24.00000000000000	1
100	0	0	16	0.00000000000000	0.00000000000000	0.00000000000000	0.00000000000000	55.47752778254817	10.33052803032929	24.00000000000000	1
101	0	0	16	0.00000000000000	0.00000000000000	0.00000000000000	0.00000000000000	55.47865760499285	10.32901858518894	24.00000000000000	1
102	0	0	16	0.00000000000000	0.00000000000000	0.00000000000000	0.00000000000000	55.47947486824639	10.32694737390680	24.00000000000000	1
103	0	0	16	0.00000000000000	0.00000000000000	0.00000000000000	0.00000000000000	55.47989223977857	10.32450880504356	24.00000000000000	1
104	0	0	16	0.00000000000000	0.00000000000000	0.00000000000000	0.00000000000000	55.47986042956995	10.32193767622118	24.00000000000000	1
105	0	0	16	0.00000000000000	0.00000000000000	0.00000000000000	0.00000000000000	55.47937384512930	10.31948655487499	24.00000000000000	1
106	0	0	16	0.00000000000000	0.00000000000000	0.00000000000000	0.00000000000000	55.47847199183823	10.31740094392868	24.00000000000000	1
107	0	0	16	0.00000000000000	0.00000000000000	0.00000000000000	0.00000000000000	55.47723639763309	10.31589468356582	24.00000000000000	1
108	0	0	16	0.00000000000000	0.00000000000000	0.00000000000000	0.00000000000000	55.47578328678598	10.31512806094296	24.00000000000000	1
109	0	0	16	0.00000000000000	0.00000000000000	0.00000000000000	0.00000000000000	55.47425265834272	10.31519086875077	24.00000000000000	1
110	0	0	16	0.00000000000000	0.00000000000000	0.00000000000000	0.00000000000000	55.47279479650729	10.31609219176901	24.00000000000000	1
111	0	0	16	0.00000000000000	0.00000000000000	0.00000000000000	0.00000000000000	55.47155551444700	10.31775805326732	24.00000000000000	1
112	0	0	16	0.00000000000000	0.00000000000000	0.00000000000000	0.00000000000000	55.47066158082409	10.32003728474666	24.00000000000000	1
113	0	0	16	0.00000000000000	0.00000000000000	0.00000000000000	0.00000000000000	55.47020778362084	10.32271516945060	24.00000000000000	1
114	0	0	16	0.00000000000000	0.00000000000000	0.00000000000000	0.00000000000000	55.47024694643810	10.32553363243864	24.00000000000000	1
115	0	0	16	0.00000000000000	0.00000000000000	0.00000000000000	0.00000000000000	55.47078394054423	10.32821608387645	24.00000000000000	1
116	0	0	16	0.00000000000000	0.00000000000000	0.00000000000000	0.00000000000000	55.47177435663783	10.33049453273557	24.00000000000000	1
117	0	0	16	0.00000000000000	0.00000000000000	0.00000000000000	0.00000000000000	55.47312804924057	10.33213632415930	24.00000000000000	1
118	0	0	16	0.00000000000000	0.00000000000000	0.00000000000000	0.00000000000000	55.47471728686687	10.33296784392998	24.00000000000000	1
119	0	0	16	0.00000000000000	0.00000000000000	0.00000000000000	0.00000000000000	55.47638877910459	10.33289278357531	24.00000000000000	1
120	0	0	16	0.00000000000000	0.00000000000000	0.00000000000000	0.00000000000000	55.47797845321947	10.33190305161274	24.00000000000000	1
121	0	0	16	0.00000000000000	0.00000000000000	0.00000000000000	0.00000000000000	55.47932755857084	10.33008110879674	24.00000000000000	1
122	0	0	16	0.00000000000000	0.00000000000000	0.00000000000000	0.00000000000000	55.48029851859118	10.32759333552059	24.00000000000000	1
123	0	0	16	0.00000000000000	0.00000000000000	0.00000000000000	0.00000000000000	55.48078894636512	10.32467492880429	24.00000000000000	1
124	0	0	16	0.00000000000000	0.00000000000000	0.00000000000000	0.00000000000000	55.48074239491703	10.32160768607128	24.00000000000000	1
125	0	0	16	0.00000000000000	0.00000000000000	0.00000000000000	0.00000000000000	55.48015471505217	10.31869277398481	24.00000000000000	1
126	0	0	16	0.00000000000000	0.00000000000000	0.00000000000000	0.00000000000000	55.47907531438439	10.31622112304159	24.00000000000000	1
127	0	0	16	0.00000000000000	0.00000000000000	0.00000000000000	0.00000000000000	55.47760311036757	10.31444437143516	24.00000000000000	1
128	0	0	16	0.00000000000000	0.00000000000000	0.00000000000000	0.00000000000000	55.47587749807362	10.31354927075992	24.00000000000000	1
129	0	0	16	0.00000000000000	0.00000000000000	0.00000000000000	0.00000000000000	55.47406515671312	10.31363815873057	24.00000000000000	1
130	0	0	16	0.00000000000000	0.00000000000000	0.00000000000000	0.00000000000000	55.47234394604639	10.31471752951754	24.00000000000000	1
131	0	0	16	0.00000000000000	0.00000000000000	0.00000000000000	0.00000000000000	55.47088545095757	10.31669594817054	24.00000000000000	1
132	0	0	16	0.00000000000000	0.00000000000000	0.00000000000000	0.00000000000000	55.46983788773314	10.31939164086162	24.00000000000000	1
133	0	0	16	0.00000000000000	0.00000000000000	0.00000000000000	0.00000000000000	55.46931107240093	10.32254913845559	24.00000000000000	1
134	0	0	16	0.00000000000000	0.00000000000000	0.00000000000000	0.00000000000000	55.46936496992835	10.32586345079947	24.00000000000000	1
135	0	0	16	0.00000000000000	0.00000000000000	0.00000000000000	0.00000000000000	55.47000300964508	10.32900949013065	24.00000000000000	1
136	0	0	16	0.00000000000000	0.00000000000000	0.00000000000000	0.00000000000000	55.47117089808706	10.33167391707101	24.00000000000000	1
137	0	0	16	0.00000000000000	0.00000000000000	0.00000000000000	0.00000000000000	55.47276112835255	10.33358630497517	24.00000000000000	1
138	0	0	16	0.00000000000000	0.00000000000000	0.00000000000000	0.00000000000000	55.47462282560854	10.33454653740853	24.00000000000000	1
139	0	0	16	0.00000000000000	0.00000000000000	0.00000000000000	0.00000000000000	55.47657603549221	10.33444567260104	24.00000000000000	1
140	0	0	16	0.00000000000000	0.00000000000000	0.00000000000000	0.00000000000000	55.47842910825209	10.33327810411627	24.00000000000000	1
141	0	0	16	0.00000000000000	0.00000000000000	0.00000000000000	0.00000000000000	55.47999750266941	10.33114366849343	24.00000000000000	1
142	0	0	16	0.00000000000000	0.00000000000000	0.00000000000000	0.00000000000000	55.48112216528046	10.32823932430306	24.00000000000000	1
143	0	0	16	0.00000000000000	0.00000000000000	0.00000000000000	0.00000000000000	55.48168565255887	10.32484106043065	24.00000000000000	1
144	0	0	16	0.00000000000000	0.00000000000000	0.00000000000000	0.00000000000000	55.48162435932554	10.32127768147764	24.00000000000000	1
145	0	0	16	0.00000000000000	0.00000000000000	0.00000000000000	0.00000000000000	55.48093557989076	10.31789896186166	24.00000000000000	1
146	0	0	16	0.00000000000000	0.00000000000000	0.00000000000000	0.00000000000000	55.47967862568546	10.31504126606788	24.00000000000000	1
147	0	0	16	0.00000000000000	0.00000000000000	0.00000000000000	0.00000000000000	55.47796980603562	10.31299403215162	24.00000000000000	1
148	0	0	16	0.00000000000000	0.00000000000000	0.00000000000000	0.00000000000000	55.47597168903698	10.31197047272764	24.00000000000000	1
149	0	0	16	0.00000000000000	0.00000000000000	0.00000000000000	0.00000000000000	55.47387763530865	10.31208546315747	24.00000000000000	1
150	0	0	16	0.00000000000000	0.00000000000000	0.00000000000000	0.00000000000000	55.47189307995643	10.31334289848634	24.00000000000000	1
151	0	0	16	0.00000000000000	0.00000000000000	0.00000000000000	0.00000000000000	55.47021537799733	10.31563387914191	24.00000000000000	1
152	0	0	16	0.00000000000000	0.00000000000000	0.00000000000000	0.00000000000000	55.46901419099066	10.31874602412050	24.00000000000000	1
153	0	0	16	0.00000000000000	0.00000000000000	0.00000000000000	0.00000000000000	55.46841436078851	10.32238311531794	24.00000000000000	1
154	0	0	16	0.00000000000000	0.00000000000000	0.00000000000000	0.00000000000000	55.46848299248110	10.32619325473191	24.00000000000000	1
155	0	0	16	0.00000000000000	0.00000000000000	0.00000000000000	0.00000000000000	55.46922207366750	10.32980286517850	24.00000000000000	1
156	0	0	16	0.00000000000000	0.00000000000000	0.00000000000000	0.00000000000000	55.47056742830126	10.33285326533578	24.00000000000000	1
157	0	0	16	0.00000000000000	0.00000000000000	0.00000000000000	0.00000000000000	55.47239419040745	10.33503625863002	24.00000000000000	1
158	0	0	16	0.00000000000000	0.00000000000000	0.00000000000000	0.00000000000000	55.47452834402886	10.33612522301200	24.00000000000000	1
159	0	0	16	0.00000000000000	0.00000000000000	0.00000000000000	0.00000000000000	55.47676327209955	10.33599857605154	24.00000000000000	1
160	0	0	16	0.00000000000000	0.00000000000000	0.00000000000000	0.00000000000000	55.47887974764524	10.33465318783986	24.00000000000000	1
161	0	0	16	0.00000000000000	0.00000000000000	0.00000000000000	0.00000000000000	55.48066743728784	10.33220626428069	24.00000000000000	1
162	0	0	16	0.00000000000000	0.00000000000000	0.00000000000000	0.00000000000000	55.48194580831395	10.32888534025620	24.00000000000000	1
163	0	0	16	0.00000000000000	0.00000000000000	0.00000000000000	0.00000000000000	55.48258235835983	10.32500719992332	24.00000000000000	1
164	0	0	16	0.00000000000000	0.00000000000000	0.00000000000000	0.00000000000000	55.48250632279535	10.32094766243906	24.00000000000000	1
165	0	0	16	0.00000000000000	0.00000000000000	0.00000000000000	0.00000000000000	55.48171643964464	10.31710511850348	24.00000000000000	1
166	0	0	16	0.00000000000000	0.00000000000000	0.00000000000000	0.00000000000000	55.48028192574066	10.31386137300635	24.00000000000000	1
167	0	0	16	0.00000000000000	0.00000000000000	0.00000000000000	0.00000000000000	55.47833648463651	10.31154366571582	24.00000000000000	1
168	0	0	16	0.00000000000000	0.00000000000000	0.00000000000000	0.00000000000000	55.47606585967581	10.31039166684807	24.00000000000000	1
169	0	0	16	0.00000000000000	0.00000000000000	0.00000000000000	0.00000000000000	55.47369009412972	10.31053278203312	24.00000000000000	1
170	0	0	16	0.00000000000000	0.00000000000000	0.00000000000000	0.00000000000000	55.47144219823819	10.31196829867542	24.00000000000000	1
171	0	0	16	0.00000000000000	0.00000000000000	0.00000000000000	0.00000000000000	55.46954529556697	10.31457184617981	24.00000000000000	1
172	0	0	16	0.00000000000000	0.00000000000000	0.00000000000000	0.00000000000000	55.46819049059694	10.31810043452136	24.00000000000000	1
173	0	0	16	0.00000000000000	0.00000000000000	0.00000000000000	0.00000000000000	55.46751764878358	10.32221710003701	24.00000000000000	1
174	0	0	16	0.00000000000000	0.00000000000000	0.00000000000000	0.00000000000000	55.46760101409646	10.32652304423717	24.00000000000000	1
175	0	0	16	0.00000000000000	0.00000000000000	0.00000000000000	0.00000000000000	55.46844113261192	10.33059620902203	24.00000000000000	1
176	0	0	16	0.00000000000000	0.00000000000000	0.00000000000000	0.00000000000000	55.46996394728123	10.33403257753108	24.00000000000000	1
177	0	0	16	0.00000000000000	0.00000000000000	0.00000000000000	0.00000000000000	55.47202723540597	10.33648618512322	24.00000000000000	1
178	0	0	16	0.00000000000000	0.00000000000000	0.00000000000000	0.00000000000000	55.47443384212806	10.33770390073847	24.00000000000000	1
179	0	0	16	0.00000000000000	0.00000000000000	0.00000000000000	0.00000000000000	55.47695048892624	10.33755149392515	24.00000000000000	1
180	0	0	16	0.00000000000000	0.00000000000000	0.00000000000000	0.00000000000000	55.47933037139817	10.33602830278349	24.00000000000000	1
181	0	0	16	0.00000000000000	0.00000000000000	0.00000000000000	0.00000000000000	55.48133736242546	10.33326889616015	24.00000000000000	1
182	0	0	16	0.00000000000000	0.00000000000000	0.00000000000000	0.00000000000000	55.48276944769133	10.32953138338194	24.00000000000000	1
183	0	0	16	0.00000000000000	0.00000000000000	0.00000000000000	0.00000000000000	55.48347906376795	10.32517334728292	24.00000000000000	1
184	0	0	16	0.00000000000000	0.00000000000000	0.00000000000000	0.00000000000000	55.48338828532641	10.32061762895438	24.00000000000000	1
185	0	0	16	0.00000000000000	0.00000000000000	0.00000000000000	0.00000000000000	55.48249729431335	10.31631124390824	24.00000000000000	1
186	0	0	16	0.00000000000000	0.00000000000000	0.00000000000000	0.00000000000000	55.48088521454925	10.31268144385578	24.00000000000000	1
187	0	0	16	0.00000000000000	0.00000000000000	0.00000000000000	0.00000000000000	55.47870314616951	10.31009327212840	24.00000000000000	1
188	0	0	16	0.00000000000000	0.00000000000000	0.00000000000000	0.00000000000000	55.47616000998988	10.30881285312314	24.00000000000000	1
189	0	0	16	0.00000000000000	0.00000000000000	0.00000000000000	0.00000000000000	55.47350253317671	10.30898011535917	24.00000000000000	1
190	0	0	16	0.00000000000000	0.00000000000000	0.00000000000000	0.00000000000000	55.47099130089240	10.31059373008478	24.00000000000000	1
191	0	0	16	0.00000000000000	0.00000000000000	0.00000000000000	0.00000000000000	55.46887520366716	10.31350984928255	24.00000000000000	1
192	0	0	16	0.00000000000000	0.00000000000000	0.00000000000000	0.00000000000000	55.46736678655230	10.31745487206221	24.00000000000000	1
193	0	0	16	0.00000000000000	0.00000000000000	0.00000000000000	0.00000000000000	55.46662093638617	10.32205109261216	24.00000000000000	1
194	0	0	16	0.00000000000000	0.00000000000000	0.00000000000000	0.00000000000000	55.46671903477451	10.32685281931642	24.00000000000000	1
195	0	0	16	0.00000000000000	0.00000000000000	0.00000000000000	0.00000000000000	55.46766018647879	10.33138952166328	24.00000000000000	1
196	0	0	16	0.00000000000000	0.00000000000000	0.00000000000000	0.00000000000000	55.46936045502769	10.33521185365812	24.00000000000000	1
197	0	0	16	0.00000000000000	0.00000000000000	0.00000000000000	0.00000000000000	55.47166026334880	10.33793608445417	24.00000000000000	1
198	0	0	16	0.00000000000000	0.00000000000000	0.00000000000000	0.00000000000000	55.47433931990636	10.33928257058597	24.00000000000000	1
199	0	0	16	0.00000000000000	0.00000000000000	0.00000000000000	0.00000000000000	55.47713768597180	10.33910442622019	24.00000000000000	1
200	0	0	16	0.00000000000000	0.00000000000000	0.00000000000000	0.00000000000000	55.47978097951010	10.33740344894713	24.00000000000000	1
201	0	0	16	0.00000000000000	0.00000000000000	0.00000000000000	0.00000000000000	55.48200727808157	10.33433156413346	24.00000000000000	1
202	0	0	16	0.00000000000000	0.00000000000000	0.00000000000000	0.00000000000000	55.48359308341227	10.33017745368223	24.00000000000000	1
203	0	0	16	0.00000000000000	0.00000000000000	0.00000000000000	0.00000000000000	55.48437576878321	10.32533950251012	24.00000000000000	1
204	0	0	16	0.00000000000000	0.00000000000000	0.00000000000000	0.00000000000000	55.48427024691860	10.32028758102237	24.00000000000000	1
205	0	0	16	0.00000000000000	0.00000000000000	0.00000000000000	0.00000000000000	55.48327814389646	10.31551733807389	24.00000000000000	1
206	0	0	16	0.00000000000000	0.00000000000000	0.00000000000000	0.00000000000000	55.48148849211049	10.31150147861496	24.00000000000000	1
207	0	0	16	0.00000000000000	0.00000000000000	0.00000000000000	0.00000000000000	55.47906979063396	10.30864285138997	24.00000000000000	1
208	0	0	16	0.00000000000000	0.00000000000000	0.00000000000000	0.00000000000000	55.47625413997901	10.30723403155480	24.00000000000000	1
209	0	0	16	0.00000000000000	0.00000000000000	0.00000000000000	0.00000000000000	55.47331495245004	10.30742746313731	24.00000000000000	1
210	0	0	16	0.00000000000000	0.00000000000000	0.00000000000000	0.00000000000000	55.47054038791987	10.30921919271447	24.00000000000000	1
211	0	0	16	0.00000000000000	0.00000000000000	0.00000000000000	0.00000000000000	55.46820510229860	10.31244788844854	24.00000000000000	1
212	0	0	16	0.00000000000000	0.00000000000000	0.00000000000000	0.00000000000000	55.46654307885707	10.31680933674115	24.00000000000000	1
213	0	0	16	0.00000000000000	0.00000000000000	0.00000000000000	0.00000000000000	55.46572422359630	10.32188509304272	24.00000000000000	1
214	0	0	16	0.00000000000000	0.00000000000000	0.00000000000000	0.00000000000000	55.46583705451532	10.32718257997087	24.00000000000000	1
215	0	0	16	0.00000000000000	0.00000000000000	0.00000000000000	0.00000000000000	55.46687923526854	10.33218280310432	24.00000000000000	1
216	0	0	16	0.00000000000000	0.00000000000000	0.00000000000000	0.00000000000000	55.46875695154144	10.33639109371812	24.00000000000000	1
217	0	0	16	0.00000000000000	0.00000000000000	0.00000000000000	0.00000000000000	55.47129327423668	10.33938595662224	24.00000000000000	1
218	0	0	16	0.00000000000000	0.00000000000000	0.00000000000000	0.00000000000000	55.47424477736401	10.34086123255260	24.00000000000000	1
219	0	0	16	0.00000000000000	0.00000000000000	0.00000000000000	0.00000000000000	55.47732486323589	10.34065737293503	24.00000000000000	1
220	0	0	16	0.00000000000000	0.00000000000000	0.00000000000000	0.00000000000000	55.48023157198025	10.33877862633080	24.00000000000000	1
221	0	0	16	0.00000000000000	0.00000000000000	0.00000000000000	0.00000000000000	55.48267718425552	10.33539426820226	24.00000000000000	1
222	0	0	16	0.00000000000000	0.00000000000000	0.00000000000000	0.00000000000000	55.48441671547649	10.33082355115903	24.00000000000000	1
223	0	0	16	0.00000000000000	0.00000000000000	0.00000000000000	0.00000000000000	55.48527247340561	10.32550566560553	24.00000000000000	1
224	0	0	16	0.00000000000000	0.00000000000000	0.00000000000000	0.00000000000000	55.48515220757185	10.31995751864186	24.00000000000000	1
225	0	0	16	0.00000000000000	0.00000000000000	0.00000000000000	0.00000000000000	55.48405898839349	10.31472340099838	24.00000000000000	1
226	0	0	16	0.00000000000000	0.00000000000000	0.00000000000000	0.00000000000000	55.48209175842355	10.31032147728265	24.00000000000000	1
227	0	0	16	0.00000000000000	0.00000000000000	0.00000000000000	0.00000000000000	55.47943641802915	10.30719240350114	24.00000000000000	1
228	0	0	16	0.00000000000000	0.00000000000000	0.00000000000000	0.00000000000000	55.47634824964294	10.30565520214499	24.00000000000000	1
229	0	0	16	0.00000000000000	0.00000000000000	0.00000000000000	0.00000000000000	55.47312735195011	10.30587482536918	24.00000000000000	1
230	0	0	16	0.00000000000000	0.00000000000000	0.00000000000000	0.00000000000000	55.47008945932137	10.30784468656448	24.00000000000000	1
231	0	0	16	0.00000000000000	0.00000000000000	0.00000000000000	0.00000000000000	55.46753499146200	10.31138596367609	24.00000000000000	1
232	0	0	16	0.00000000000000	0.00000000000000	0.00000000000000	0.00000000000000	55.46571936751151	10.31616382855619	24.00000000000000	1
233	0	0	16	0.00000000000000	0.00000000000000	0.00000000000000	0.00000000000000	55.46482751041400	10.32171910132804	24.00000000000000	1
234	0	0	16	0.00000000000000	0.00000000000000	0.00000000000000	0.00000000000000	55.46495507331900	10.32751232620170	24.00000000000000	1
235	0	0	16	0.00000000000000	0.00000000000000	0.00000000000000	0.00000000000000	55.46609827898168	10.33297605334717	24.00000000000000	1
236	0	0	16	0.00000000000000	0.00000000000000	0.00000000000000	0.00000000000000	55.46815343682322	10.33757029771230	24.00000000000000	1
237	0	0	16	0.00000000000000	0.00000000000000	0.00000000000000	0.00000000000000	55.47092626807030	10.34083580162682	24.00000000000000	1
238	0	0	16	0.00000000000000	0.00000000000000	0.00000000000000	0.00000000000000	55.47415021450119	10.34243988663639	24.00000000000000	1
239	0	0	16	0.00000000000000	0.00000000000000	0.00000000000000	0.00000000000000	55.47751202071809	10.34221033406796	24.00000000000000	1
240	0	0	16	0.00000000000000	0.00000000000000	0.00000000000000	0.00000000000000	55.48068214880787	10.34015383493445	24.00000000000000	1
241	0	0	16	0.00000000000000	0.00000000000000	0.00000000000000	0.00000000000000	55.48334708094658	10.33645700836822	24.00000000000000	1
242	0	0	16	0.00000000000000	0.00000000000000	0.00000000000000	0.00000000000000	55.48524034388365	10.33146967581429	24.00000000000000	1
243	0	0	16	0.00000000000000	0.00000000000000	0.00000000000000	0.00000000000000	55.48616917763510	10.32567183656984	24.00000000000000	1
244	0	0	16	0.00000000000000	0.00000000000000	0.00000000000000	0.00000000000000	55.48603416728608	10.31962744181166	24.00000000000000	1
245	0	0	16	0.00000000000000	0.00000000000000	0.00000000000000	0.00000000000000	55.48483982780402	10.31392943267965	24.00000000000000	1
246	0	0	16	0.00000000000000	0.00000000000000	0.00000000000000	0.00000000000000	55.48269501348770	10.30914143985767	24.00000000000000	1
247	0	0	16	0.00000000000000	0.00000000000000	0.00000000000000	0.00000000000000	55.47980302835433	10.30574192846254	24.00000000000000	1
248	0	0	16	0.00000000000000	0.00000000000000	0.00000000000000	0.00000000000000	55.47644233898149	10.30407636489565	24.00000000000000	1
249	0	0	16	0.00000000000000	0.00000000000000	0.00000000000000	0.00000000000000	55.47293973167734	10.30432220205646	24.00000000000000	1
250	0	0	16	0.00000000000000	0.00000000000000	0.00000000000000	0.00000000000000	55.46963851509763	10.30647021163482	24.00000000000000	1
251	0	0	16	0.00000000000000	0.00000000000000	0.00000000000000	0.00000000000000	55.46686487115798	10.31032407496356	24.00000000000000	1
252	0	0	16	0.00000000000000	0.00000000000000	0.00000000000000	0.00000000000000	55.46489565251599	10.31551834750539	24.00000000000000	1
253	0	0	16	0.00000000000000	0.00000000000000	0.00000000000000	0.00000000000000	55.46393079683930	10.32155311746750	24.00000000000000	1
254	0	0	16	0.00000000000000	0.00000000000000	0.00000000000000	0.00000000000000	55.46407309118563	10.32784205801008	24.00000000000000	1
255	0	0	16	0.00000000000000	0.00000000000000	0.00000000000000	0.00000000000000	55.46531731761856	10.33376927239388	24.00000000000000	1
256	0	0	16	0.00000000000000	0.00000000000000	0.00000000000000	0.00000000000000	55.46754991087381	10.33874946564187	24.00000000000000	1
257	0	0	16	0.00000000000000	0.00000000000000	0.00000000000000	0.00000000000000	55.47055924485039	10.34228561946730	24.00000000000000	1
258	0	0	16	0.00000000000000	0.00000000000000	0.00000000000000	0.00000000000000	55.47405563131816	10.34401853283541	24.00000000000000	1
259	0	0	16	0.00000000000000	0.00000000000000	0.00000000000000	0.00000000000000	55.47769915841800	10.34376330961733	24.00000000000000	1
260	0	0	16	0.00000000000000	0.00000000000000	0.00000000000000	0.00000000000000	55.48113270999216	10.34152907475808	24.00000000000000	1
261	0	0	16	0.00000000000000	0.00000000000000	0.00000000000000	0.00000000000000	55.48401696815409	10.33751978463297	24.00000000000000	1
262	0	0	16	0.00000000000000	0.00000000000000	0.00000000000000	0.00000000000000	55.48606396863346	10.33211582764997	24.00000000000000	1
263	0	0	16	0.00000000000000	0.00000000000000	0.00000000000000	0.00000000000000	55.48706588147168	10.32583801540369	24.00000000000000	1
264	0	0	16	0.00000000000000	0.00000000000000	0.00000000000000	0.00000000000000	55.48691612606120	10.31929735053057	24.00000000000000	1
265	0	0	16	0.00000000000000	0.00000000000000	0.00000000000000	0.00000000000000	55.48562066212757	10.31313543311567	24.00000000000000	1
266	0	0	16	0.00000000000000	0.00000000000000	0.00000000000000	0.00000000000000	55.48329825730216	10.30796136633879	24.00000000000000	1
267	0	0	16	0.00000000000000	0.00000000000000	0.00000000000000	0.00000000000000	55.48016962160883	10.30429142627478	24.00000000000000	1
268	0	0	16	0.00000000000000	0.00000000000000	0.00000000000000	0.00000000000000	55.47653640799438	10.30249751980872	24.00000000000000	1
269	0	0	16	0.00000000000000	0.00000000000000	0.00000000000000	0.00000000000000	55.47275209163210	10.30276959320081	24.00000000000000	1
270	0	0	16	0.00000000000000	0.00000000000000	0.00000000000000	0.00000000000000	55.46918755524946	10.30509576792552	24.00000000000000	1
271	0	0	16	0.00000000000000	0.00000000000000	0.00000000000000	0.00000000000000	55.46619474138729	10.30926222230932	24.00000000000000	1
272	0	0	16	0.00000000000000	0.00000000000000	0.00000000000000	0.00000000000000	55.46407193387077	10.31487289358682	24.00000000000000	1
273	0	0	16	0.00000000000000	0.00000000000000	0.00000000000000	0.00000000000000	55.46303408287217	10.32138714146045	24.00000000000000	1
274	0	0	16	0.00000000000000	0.00000000000000	0.00000000000000	0.00000000000000	55.46319110811530	10.32817177539724	24.00000000000000	1
275	0	0	16	0.00000000000000	0.00000000000000	0.00000000000000	0.00000000000000	55.46453635117971	10.33456246024650	24.00000000000000	1
276	0	0	16	0.00000000000000	0.00000000000000	0.00000000000000	0.00000000000000	55.46694637369399	10.33992859750806	24.00000000000000	1
277	0	0	16	0.00000000000000	0.00000000000000	0.00000000000000	0.00000000000000	55.47019220457764	10.34373541014305	24.00000000000000	1
278	0	0	16	0.00000000000000	0.00000000000000	0.00000000000000	0.00000000000000	55.47396102781512	10.34559717114771	24.00000000000000	1
279	0	0	16	0.00000000000000	0.00000000000000	0.00000000000000	0.00000000000000	55.47788627633521	10.34531629958150	24.00000000000000	1
280	0	0	16	0.00000000000000	0.00000000000000	0.00000000000000	0.00000000000000	55.48158325553239	10.34290434580166	24.00000000000000	1
281	0	0	16	0.00000000000000	0.00000000000000	0.00000000000000	0.00000000000000	55.48468684587738	10.33858259699816	24.00000000000000	1
282	0	0	16	0.00000000000000	0.00000000000000	0.00000000000000	0.00000000000000	55.48688758972559	10.33276200666801	24.00000000000000	1
283	0	0	16	0.00000000000000	0.00000000000000	0.00000000000000	0.00000000000000	55.48796258491531	10.32600420210769	24.00000000000000	1
284	0	0	16	0.00000000000000	0.00000000000000	0.00000000000000	0.00000000000000	55.48779808389713	10.31896724479741	24.00000000000000	1
285	0	0	16	0.00000000000000	0.00000000000000	0.00000000000000	0.00000000000000	55.48640149136375	10.31234140230437	24.00000000000000	1
286	0	0	16	0.00000000000000	0.00000000000000	0.00000000000000	0.00000000000000	55.48390148986618	10.30678125672479	24.00000000000000	1
287	0	0	16	0.00000000000000	0.00000000000000	0.00000000000000	0.00000000000000	55.48053619779193	10.30284089693848	24.00000000000000	1
288	0	0	16	0.00000000000000	0.00000000000000	0.00000000000000	0.00000000000000	55.47663045668141	10.30091866688616	24.00000000000000	1
289	0	0	16	0.00000000000000	0.00000000000000	0.00000000000000	0.00000000000000	55.47256443181482	10.30121699880388	24.00000000000000	1
290	0	0	16	0.00000000000000	0.00000000000000	0.00000000000000	0.00000000000000	55.46873657977761	10.30372135543658	24.00000000000000	1
291	0	0	16	0.00000000000000	0.00000000000000	0.00000000000000	0.00000000000000	55.46552460215057	10.30820040571172	24.00000000000000	1
292	0	0	16	0.00000000000000	0.00000000000000	0.00000000000000	0.00000000000000	55.46324821157619	10.31422746679850	24.00000000000000	1
293	0	0	16	0.00000000000000	0.00000000000000	0.00000000000000	0.00000000000000	55.46213736851269	10.32122117330623	24.00000000000000	1
294	0	0	16	0.00000000000000	0.00000000000000	0.00000000000000	0.00000000000000	55.46230912410808	10.32850147836434	24.00000000000000	1
295	0	0	16	0.00000000000000	0.00000000000000	0.00000000000000	0.00000000000000	55.46375537966555	10.33535561690709	24.00000000000000	1
296	0	0	16	0.00000000000000	0.00000000000000	0.00000000000000	0.00000000000000	55.46634282528451	10.34110769331206	24.00000000000000	1
297	0	0	16	0.00000000000000	0.00000000000000	0.00000000000000	0.00000000000000	55.46982514725276	10.34518517365345	24.00000000000000	1
298	0	0	16	0.00000000000000	0.00000000000000	0.00000000000000	0.00000000000000	55.47386640399230	10.34717580157137	24.00000000000000	1
299	0	0	16	0.00000000000000	0.00000000000000	0.00000000000000	0.00000000000000	55.47807337446931	10.34686930395876	24.00000000000000	1
300	0	0	16	0.00000000000000	0.00000000000000	0.00000000000000	0.00000000000000	55.48203378542775	10.34427964806518	24.00000000000000	1
301	0	0	16	0.00000000000000	0.00000000000000	0.00000000000000	0.00000000000000	55.48535671411572	10.33964544546544	24.00000000000000	1
302	0	0	16	0.00000000000000	0.00000000000000	0.00000000000000	0.00000000000000	55.48771120715974	10.33340821287038	24.00000000000000	1
303	0	0	16	0.00000000000000	0.00000000000000	0.00000000000000	0.00000000000000	55.48885928796600	10.32617039668254	24.00000000000000	1
304	0	0	16	0.00000000000000	0.00000000000000	0.00000000000000	0.00000000000000	55.48868004079375	10.31863712461096	24.00000000000000	1
305	0	0	16	0.00000000000000	0.00000000000000	0.00000000000000	0.00000000000000	55.48718231551204	10.31154734024372	24.00000000000000	1
306	0	0	16	0.00000000000000	0.00000000000000	0.00000000000000	0.00000000000000	55.48450471117896	10.30560111101445	24.00000000000000	1
307	0	0	16	0.00000000000000	0.00000000000000	0.00000000000000	0.00000000000000	55.48090275690289	10.30139034045427	24.00000000000000	1
308	0	0	16	0.00000000000000	0.00000000000000	0.00000000000000	0.00000000000000	55.47672448504239	10.29933980612990	24.00000000000000	1
309	0	0	16	0.00000000000000	0.00000000000000	0.00000000000000	0.00000000000000	55.47237675222588	10.29966441886737	24.00000000000000	1
310	0	0	16	0.00000000000000	0.00000000000000	0.00000000000000	0.00000000000000	55.46828558868286	10.30234697416802	24.00000000000000	1
311	0	0	16	0.00000000000000	0.00000000000000	0.00000000000000	0.00000000000000	55.46485445344853	10.30713862516910	24.00000000000000	1
312	0	0	16	0.00000000000000	0.00000000000000	0.00000000000000	0.00000000000000	55.46242448563254	10.31358206713851	24.00000000000000	1
313	0	0	16	0.00000000000000	0.00000000000000	0.00000000000000	0.00000000000000	55.46124065376084	10.32105521300420	24.00000000000000	1
314	0	0	16	0.00000000000000	0.00000000000000	0.00000000000000	0.00000000000000	55.46142713916405	10.32883116691257	24.00000000000000	1
315	0	0	16	0.00000000000000	0.00000000000000	0.00000000000000	0.00000000000000	55.46297440307652	10.33614874237768	24.00000000000000	1
316	0	0	16	0.00000000000000	0.00000000000000	0.00000000000000	0.00000000000000	55.46573926564616	10.34228675305511	24.00000000000000	1
317	0	0	16	0.00000000000000	0.00000000000000	0.00000000000000	0.00000000000000	55.46945807287647	10.34663490999792	24.00000000000000	1
318	0	0	16	0.00000000000000	0.00000000000000	0.00000000000000	0.00000000000000	55.47377175984993	10.34875442410442	24.00000000000000	1
319	0	0	16	0.00000000000000	0.00000000000000	0.00000000000000	0.00000000000000	55.47826045281992	10.34842232274747	24.00000000000000	1
